145
491
-323
206
-400
327
-61
-341
275
173
-175
-22
198
-397
-257
-127
-27
268
-292
151
-275
-287
-192
394
-273
181
179
35
-339
-377
-140
-29
-54
-107
-81
242
-361
-294
-275
183
1
303
-260
59
-131
-119
56
-139
-259
-231
-146
270
28
-79
123
192
261
373
-388
80
-119
322
339
34
82
-199
-298
-191
-6
137
-396
398
160
347
18
-67
93
349
-263
70
-383
344
214
-342
-353
323
288
335
-37
-282
14
346
364
103
93
72
-319
196
291
317
-36
-98
-135
242
237
-132
-78
-166
100
-135
2
-83
298
175
33
-133
-182
279
-4
371
-375
315
-110
215
-77
287
255
-242
166
-327
-117
-148
7
-127
72
98
352
387
-45
-372
-251
-233
-339
62
154
-162
-377